SignatureID WordsID...
-1 4 5 21 22 24 31 32 33 35 46 48 49 58 60 63 72 73 78 83 84 103 105 114 120 124 133 136 141 162 179 182 188 189 202 204 211 217 218 227 232 241 247 249 260 268 271 287 289 301 304 318 320 324 338 340 345 346 349 358 366 368 370 371 381 395 407 408 414 415 416 424 439 442 447 502 504 508 509 527 539 540 550 553 558 568 572 583 588 598 606 617 624 625 638 652 653 667 674 693 694 699 702 738 755 770 782 784 793 816 818 819 832 836 842 846 847 858 867 868 923 939 954 955 965 987 1027 1030 1034 1083 1087 1097 1098 1177 1187 1199 1200 1214 1241 1258 1259 1270 1303 1339 1351 1388 1451 1501 1515 1526 1630 1679 1680 1771 1841 1868 2014 2243 2400 2494 2591 2957 3075 3079 3194 
1 1 2 2 3 4 4 4 5 6 7 7 8 9 10 11 12 13 14 15 16 17 18 19 20 21 22 23 24 24 24 25 26 27 28 29 30 31 31 32 33 34 34 35 35 36 37 38 39 40 41 42 43 44 44 45 46 47 48 49 49 50 51 52 53 53 54 55 56 57 58 59 59 60 60 60 61 62 63 64 65 66 67 68 69 70 70 71 72 73 74 75 76 77 78 79 80 81 82 83 83 83 84 85 86 86 87 88 89 90 91 92 93 94 95 96 97 98 99 99 100 101 102 103 104 
2 4 4 4 4 4 4 5 7 7 7 12 14 18 19 21 22 26 28 29 29 31 32 33 35 37 48 49 49 51 51 53 54 55 56 56 57 58 58 59 60 60 60 63 65 66 67 70 73 75 77 77 77 78 78 82 84 84 84 84 92 94 94 96 96 99 103 105 105 106 107 108 109 110 111 112 113 114 115 116 116 117 118 118 119 120 120 121 122 123 124 125 126 127 128 129 130 131 132 133 133 133 134 135 136 137 138 139 140 141 141 142 143 144 145 146 147 148 149 150 151 151 152 152 153 154 155 156 156 157 158 159 160 161 161 162 162 163 164 165 166 167 168 169 170 171 172 173 174 175 176 177 178 179 180 181 182 183 184 185 186 187 188 189 189 189 190 191 192 193 194 195 196 197 198 199 200 201 202 202 203 204 204 205 
3 4 4 5 12 12 19 21 22 23 28 28 29 32 32 33 33 44 46 48 48 49 52 53 55 56 58 59 60 60 65 65 67 71 72 72 73 78 84 96 96 97 103 105 105 123 124 124 133 136 136 136 139 139 141 141 141 142 143 144 148 162 167 167 182 188 189 189 202 206 207 208 209 210 210 211 212 213 214 214 215 216 217 218 219 220 221 222 223 224 225 226 227 228 229 230 230 231 232 233 234 235 236 237 238 239 240 241 242 243 244 245 246 247 247 248 249 249 250 251 252 253 254 255 255 256 257 258 259 260 261 261 262 263 264 265 266 267 268 269 270 271 272 273 274 275 276 277 278 279 280 281 282 283 284 285 286 287 287 288 289 290 291 292 293 294 295 296 296 297 298 298 299 300 301 302 303 303 304 305 306 306 307 307 308 309 310 311 
4 4 5 18 21 21 22 24 24 32 33 35 42 44 46 46 46 46 49 65 67 68 68 70 70 72 72 72 83 84 95 96 96 103 120 130 135 136 136 136 136 139 142 143 143 153 156 162 177 179 179 182 189 189 189 189 189 189 202 202 204 217 217 218 218 227 227 228 228 230 230 232 246 247 249 249 255 268 271 271 275 276 276 284 287 290 312 313 314 315 316 317 318 318 319 320 321 322 323 324 325 326 327 328 329 330 331 332 333 334 335 336 337 338 338 339 340 341 342 343 344 345 346 347 348 349 349 350 351 352 352 353 354 354 355 356 357 357 358 359 360 361 362 363 364 365 366 367 368 369 370 371 372 373 374 375 376 377 378 379 380 381 382 383 384 385 386 387 388 389 390 391 392 393 394 395 396 397 398 399 400 401 402 403 404 405 406 407 408 408 409 410 411 412 413 
5 4 5 24 25 31 32 33 42 45 45 48 48 67 70 84 105 114 120 120 120 130 133 179 189 202 202 217 217 217 217 217 217 217 217 232 268 270 271 318 324 338 345 346 349 349 354 355 356 362 366 366 407 414 414 415 416 417 418 418 419 420 421 422 423 423 424 424 425 425 426 427 428 429 429 430 431 432 433 433 434 435 436 436 437 438 439 439 440 441 442 443 444 445 446 447 448 449 450 451 451 452 453 454 455 456 457 458 459 460 
6 4 4 4 4 21 22 24 24 25 31 31 31 31 31 31 32 33 45 48 64 64 72 72 72 84 95 105 114 114 114 120 122 130 136 156 189 189 189 189 189 189 202 202 208 213 217 217 217 227 232 243 271 280 287 312 320 320 320 324 324 340 345 345 358 366 366 366 366 407 414 416 416 416 416 421 423 424 426 436 439 439 439 439 439 439 442 447 457 457 461 462 463 464 465 466 467 468 469 470 471 472 473 474 475 476 477 478 478 479 480 481 482 483 484 485 486 487 488 489 490 491 492 493 494 495 496 497 497 498 498 499 499 500 501 501 502 502 503 504 504 505 505 506 507 508 509 510 511 512 513 514 515 516 517 518 518 519 520 521 522 523 524 525 526 527 528 529 530 531 532 533 534 535 536 536 537 537 538 539 540 541 542 543 544 545 546 547 548 549 550 550 551 552 553 554 555 556 557 558 559 
7 30 31 31 31 31 32 32 32 33 33 39 46 48 53 58 58 58 78 78 182 188 218 228 236 249 304 318 318 318 318 346 358 366 368 368 408 410 414 429 431 447 447 453 453 473 499 508 527 539 550 550 553 560 561 562 563 564 565 565 566 567 568 569 570 571 572 572 573 574 575 576 577 578 578 579 580 581 582 582 583 584 585 586 587 588 588 589 590 590 591 592 593 594 595 596 597 598 599 600 601 602 603 603 604 605 606 607 607 608 609 610 611 612 613 614 614 615 616 617 617 618 619 620 621 621 622 623 624 625 625 626 627 628 629 630 631 632 632 633 634 635 636 637 638 638 639 640 640 641 642 643 644 645 646 647 648 649 650 651 652 653 654 654 655 656 657 658 658 659 660 661 661 662 663 664 665 666 666 667 668 669 670 671 672 673 674 675 676 677 678 679 680 681 682 683 
8 24 31 31 32 33 33 33 58 78 84 217 217 237 312 312 338 338 338 340 366 366 366 442 453 453 508 519 519 527 539 565 565 566 567 568 568 568 573 575 578 581 583 588 588 590 592 597 597 598 599 603 606 611 612 613 624 626 634 638 638 647 649 652 652 652 660 663 664 684 685 686 687 688 689 690 691 692 693 694 695 696 697 697 698 699 699 700 700 701 702 703 704 705 706 707 708 709 710 711 712 713 714 715 716 717 718 719 720 721 722 723 724 725 726 727 728 729 729 730 731 732 733 734 735 736 737 
9 4 4 4 30 31 31 33 64 72 78 84 84 84 207 217 217 217 217 217 217 217 217 217 217 217 217 237 253 257 260 271 271 271 304 318 346 366 417 442 480 503 508 519 539 550 553 553 566 578 581 583 588 590 590 594 606 607 610 612 617 621 625 634 634 638 638 638 652 653 654 657 660 664 664 688 690 691 696 697 702 702 706 706 706 708 708 711 715 723 730 732 738 739 740 741 742 743 744 745 746 747 748 749 750 751 752 753 754 755 756 757 758 759 760 761 762 762 763 764 765 766 767 768 769 770 771 772 773 774 775 776 777 778 779 780 781 782 783 784 785 786 787 788 789 790 791 792 793 793 794 795 796 797 798 799 800 801 802 803 804 804 805 806 806 807 808 809 810 811 
10 4 4 4 4 4 5 21 31 31 31 32 32 32 32 53 58 58 72 72 72 72 84 178 178 189 189 202 202 207 207 217 217 217 217 218 249 249 289 320 320 368 370 384 395 407 499 502 502 504 508 522 522 523 527 536 539 548 550 550 553 553 558 558 558 563 574 583 583 588 590 602 602 608 608 624 626 638 644 646 654 664 684 693 704 706 710 711 715 750 754 755 770 770 770 774 780 780 782 782 801 812 813 814 815 816 817 818 819 820 821 822 823 824 825 826 826 827 828 829 830 831 832 833 834 835 836 837 838 839 840 841 841 842 843 844 845 846 847 848 849 850 851 852 853 854 855 856 857 858 859 860 861 862 863 864 864 865 866 867 868 869 870 871 872 873 874 875 876 877 878 879 880 881 882 883 884 885 886 887 887 888 889 890 891 891 892 893 893 894 895 896 897 898 898 899 900 901 902 903 904 
11 4 4 4 32 58 58 58 63 78 114 114 120 120 189 189 189 207 217 223 223 236 243 249 249 318 338 345 345 345 346 349 431 442 502 502 504 504 509 522 527 558 568 568 573 585 588 588 590 590 591 592 594 598 598 598 602 619 619 625 644 652 664 669 678 691 697 697 702 770 770 786 794 812 812 817 817 818 818 819 824 826 832 834 839 843 846 851 853 856 856 859 860 862 865 866 872 880 905 906 907 908 909 910 911 912 912 913 914 915 916 917 918 919 920 921 922 923 924 925 926 927 928 929 930 931 932 933 934 935 936 937 938 939 940 941 942 943 944 945 946 947 948 949 950 951 952 
12 4 5 24 24 24 31 32 32 32 32 32 33 33 33 46 63 72 78 120 120 120 124 136 136 162 182 189 189 217 217 217 237 237 249 249 249 249 253 271 370 370 370 395 415 416 502 502 502 502 502 514 531 536 540 540 540 540 553 553 558 568 580 585 588 606 625 638 653 664 684 693 693 699 702 714 726 731 755 755 755 755 755 770 786 793 793 794 794 810 810 818 824 832 834 836 842 846 846 851 883 883 883 883 893 898 898 901 916 916 922 923 929 931 932 935 939 941 943 953 954 955 956 957 958 958 958 959 959 960 961 962 963 964 965 966 967 968 969 970 971 972 973 974 975 976 977 978 979 980 981 982 983 984 985 986 987 988 989 990 991 992 993 994 995 996 997 998 999 1000 1001 1002 1003 1004 1005 1006 1007 1008 1009 1010 1011 1012 1013 1013 1014 1015 
13 4 4 4 4 4 4 4 4 24 32 32 35 63 78 83 83 84 84 105 105 114 120 165 188 188 189 204 210 211 223 227 237 247 247 249 249 249 249 249 260 260 289 289 317 325 338 384 405 414 432 439 439 447 463 502 502 502 502 502 502 502 504 509 540 544 544 550 558 568 568 588 593 604 606 606 606 607 617 625 634 653 653 693 712 750 754 755 782 786 794 804 805 810 812 818 836 836 845 846 846 846 847 849 852 868 893 896 915 918 939 943 955 958 965 965 965 974 974 979 986 989 989 997 1000 1002 1016 1017 1018 1019 1019 1020 1021 1022 1023 1024 1025 1026 1027 1028 1029 1029 1030 1031 1032 1033 1034 1035 1036 1037 1038 1039 1040 1041 1042 1043 1044 1045 1046 1047 1048 1049 1050 1051 1052 1053 1054 1054 1055 1056 1057 1058 1059 1060 1061 1062 1063 1064 1065 1065 1066 1067 1068 1069 1070 1071 1072 1073 1074 1075 1076 1077 1078 1079 1080 1081 1082 1083 1084 1085 1086 
14 4 4 11 31 31 32 32 32 32 32 33 33 46 46 48 72 72 72 72 72 78 83 95 105 120 120 120 120 120 133 193 210 210 211 211 213 217 217 217 217 218 221 237 249 270 304 320 320 324 325 326 346 349 349 356 405 405 407 424 431 431 439 442 502 502 502 502 527 537 543 544 553 553 558 572 574 579 585 588 588 598 617 625 644 662 674 693 699 742 749 751 755 755 782 836 836 842 842 842 846 851 856 858 867 916 925 943 958 961 1001 1001 1001 1032 1035 1035 1052 1060 1082 1085 1087 1088 1089 1090 1091 1092 1093 1093 1094 1095 1096 1097 1098 1098 1098 1099 1100 1101 1102 1103 1104 1105 1106 1107 1107 1107 1108 1109 1110 1111 1112 1113 1114 1115 1116 1117 1118 1119 1120 1121 1122 1123 1124 1125 1126 1127 1128 1129 1130 1130 1131 1132 1133 1134 1135 1136 1137 1138 1139 1140 1140 1141 1142 1143 1144 1145 1146 
15 4 4 7 32 32 32 72 72 72 83 83 84 114 114 120 120 120 120 124 147 162 202 202 218 218 218 228 249 289 298 304 320 320 320 320 324 345 366 366 370 407 412 415 424 439 500 500 502 514 522 546 546 583 585 588 644 644 653 662 668 674 684 702 706 706 782 782 793 793 794 824 836 836 847 867 883 883 901 916 955 959 965 989 1003 1022 1027 1028 1030 1034 1034 1039 1060 1087 1087 1097 1099 1099 1103 1109 1114 1114 1120 1133 1140 1147 1148 1149 1150 1151 1152 1153 1154 1155 1156 1157 1158 1159 1160 1161 1162 1163 1164 1164 1165 1166 1167 1168 1169 1170 1171 1171 1172 1173 1174 1175 1175 1176 1177 1177 1177 1178 1179 1180 1181 1182 1183 1184 1185 1186 1187 1188 1189 1190 1191 1192 1193 1194 1195 1196 1197 1198 1199 1200 1201 1202 1203 1204 1205 1206 1207 1208 1209 1210 1211 1212 1213 
16 4 4 32 33 114 120 370 370 381 439 506 522 527 527 568 588 598 606 606 606 622 653 693 702 706 836 867 901 916 959 964 1019 1025 1097 1097 1177 1177 1177 1192 1193 1193 1202 1213 1214 1215 1216 1217 1218 1219 1220 1221 1222 1223 1224 1225 1226 1227 1228 1229 1230 1231 1232 1233 1234 
17 2 2 4 4 4 4 4 4 4 4 4 24 24 31 31 31 31 31 45 45 68 72 72 72 73 84 182 189 189 189 202 211 211 217 217 217 217 217 217 218 218 218 218 218 271 271 271 276 346 370 370 370 370 370 370 403 415 416 527 539 539 539 550 550 550 553 553 553 553 553 553 553 558 558 558 558 558 558 558 568 568 568 606 606 607 674 674 702 738 755 769 782 782 782 787 847 858 858 858 858 867 954 955 965 1087 1087 1087 1087 1087 1087 1087 1087 1087 1087 1087 1098 1149 1219 1223 1226 1233 1235 1236 1236 1236 1237 1238 1239 1240 1241 1241 1242 1243 1244 1245 1246 1247 1248 1249 1250 1251 1252 1253 1254 1255 1256 1257 1258 1259 1260 1261 1262 1263 1264 1265 1266 1267 1268 1269 1270 1271 1272 1273 1274 1275 
18 4 4 4 4 4 4 4 4 4 4 4 4 4 4 4 4 4 4 4 4 22 22 24 24 31 31 33 45 46 46 68 72 72 84 133 133 133 136 179 189 189 189 189 189 189 189 189 202 202 202 207 207 211 211 217 218 218 218 227 268 271 271 289 370 370 370 370 370 370 370 370 370 415 416 416 429 463 504 504 504 510 539 539 550 550 550 553 553 553 553 553 553 553 553 558 558 558 558 558 558 558 558 559 568 568 568 568 588 588 607 607 755 755 755 755 755 782 782 782 908 919 919 954 954 954 954 954 954 954 954 954 954 954 954 955 1087 1087 1087 1087 1087 1087 1087 1087 1087 1149 1149 1155 1241 1241 1241 1241 1241 1241 1241 1241 1241 1241 1241 1241 1241 1241 1241 1241 1241 1241 1241 1241 1250 1258 1258 1259 1267 1276 1277 1278 1279 1280 1281 1282 1283 1284 1285 1286 1287 1288 1289 1290 1291 1292 1293 1294 1295 1296 1297 1298 1299 1300 1301 1302 1303 
19 
20 35 46 58 58 72 73 98 105 117 120 120 133 133 133 136 141 141 156 162 182 202 204 204 209 213 260 270 289 318 337 340 358 372 373 405 496 508 540 553 553 568 583 592 653 684 699 713 738 784 786 845 858 858 867 874 885 893 1029 1034 1061 1098 1098 1098 1111 1133 1155 1187 1187 1214 1219 1228 1283 1304 1305 1306 1306 1307 1308 1309 1310 1311 1312 1313 1314 1315 1316 1317 1318 1319 1319 1320 1321 1322 1323 1323 1324 1324 1325 1326 1327 1328 1329 1330 1331 1332 1333 1334 1335 1335 1336 1337 1338 1339 1340 1341 1342 1343 1344 1345 1346 1347 1348 1349 1350 1351 1352 1353 1354 1355 1356 1357 1358 1359 1360 1361 1362 1363 1364 1365 1366 1366 1367 1368 1369 1369 1370 1371 1372 1373 1374 1375 1376 1377 1378 1379 1380 1381 1382 1383 1384 1385 1386 1387 1388 1388 1389 1390 1391 1391 1392 1393 1394 1395 1396 1397 1398 1399 1400 1401 1402 1403 1404 1405 1406 1407 1408 1409 1410 1411 1412 1413 1414 1415 1416 1417 1418 1419 1420 1421 1422 
21 33 45 48 48 56 133 162 165 204 270 325 338 340 340 366 370 370 371 433 434 553 558 572 572 572 583 583 784 806 842 845 847 852 925 979 1083 1177 1181 1187 1219 1256 1256 1290 1307 1331 1333 1339 1342 1342 1345 1352 1358 1367 1369 1378 1379 1381 1392 1392 1410 1423 1424 1425 1426 1427 1428 1429 1430 1431 1432 1433 1434 1435 1436 1437 1438 1439 1440 1440 1441 1441 1442 1443 1444 1445 1446 1447 1448 1449 1450 1451 1452 1453 1454 1455 1456 1457 1458 1459 1460 1461 1462 1463 1464 1465 1466 1467 1468 1469 1470 1471 1472 1473 1474 1475 1475 1476 
22 4 4 4 4 4 4 4 4 21 22 32 53 67 73 95 133 133 133 133 179 182 211 217 217 218 218 219 287 310 366 414 496 502 502 502 504 527 527 539 544 550 553 572 572 622 699 706 784 793 836 842 845 845 852 867 867 867 958 965 974 980 1030 1049 1087 1087 1088 1098 1153 1181 1187 1214 1214 1219 1219 1222 1256 1271 1283 1305 1310 1315 1339 1340 1342 1342 1350 1351 1369 1370 1370 1385 1388 1395 1450 1451 1451 1451 1463 1467 1477 1477 1478 1479 1480 1481 1482 1483 1484 1485 1486 1487 1488 1489 1490 1491 1492 1493 1494 1495 1495 1496 1497 1498 1499 1500 1501 1502 1503 1504 1505 1506 1507 1508 1509 1510 1511 1512 1513 1514 1515 1515 1516 1517 1518 1519 1520 1521 1522 1523 1524 1525 1526 1527 1528 1529 1530 1531 1532 1533 1534 1535 1536 1537 1538 1539 1540 1541 1542 1543 1544 1545 1546 1547 1548 1549 1550 1551 1552 1553 1554 1554 1555 1556 1557 1558 1559 1560 1561 1562 1563 1564 1565 1566 1567 
23 4 4 4 24 72 72 84 120 120 120 133 136 189 189 210 217 217 217 217 218 236 289 304 320 320 320 320 340 346 347 349 349 508 527 539 550 553 558 563 568 592 618 693 739 782 782 782 816 835 847 867 867 867 867 867 901 923 924 1018 1024 1047 1102 1153 1177 1181 1181 1199 1235 1241 1241 1246 1256 1257 1258 1270 1303 1304 1310 1326 1340 1340 1343 1350 1351 1351 1351 1371 1395 1432 1463 1487 1488 1490 1503 1511 1512 1515 1515 1526 1544 1568 1569 1570 1571 1572 1573 1574 1575 1576 1576 1577 1578 1579 1580 1581 1582 1583 1584 1585 1586 1587 1588 1589 1590 1591 1592 1593 1594 1595 1596 1597 1598 1599 1600 1601 1602 1603 1604 1605 1606 1607 1608 1609 1610 1611 1612 1613 1614 1615 1616 1617 1618 1619 1620 1621 1622 1623 1624 1625 1626 1627 1628 1629 1630 1631 
24 4 21 31 32 33 72 72 73 133 189 217 218 227 243 285 320 327 338 340 346 346 366 368 368 370 370 370 370 376 416 417 424 424 430 438 504 504 537 550 550 553 558 568 572 606 606 655 684 786 842 867 867 903 903 954 965 1030 1087 1087 1098 1170 1200 1200 1214 1218 1223 1223 1228 1246 1246 1258 1258 1270 1310 1322 1336 1343 1351 1370 1370 1463 1463 1488 1492 1513 1515 1518 1533 1545 1586 1589 1594 1597 1615 1621 1623 1632 1633 1634 1635 1636 1637 1638 1639 1640 1641 1642 1643 1643 1644 1645 1646 1646 1646 1647 1648 1649 1650 1650 1651 1652 1653 1654 1655 1656 1657 1658 1659 1659 1660 1661 1662 1663 1664 1665 1666 1667 1668 1669 1670 1671 1672 1673 1674 1675 1676 1677 1678 1679 1680 1681 1682 1683 1684 1685 1686 1687 1688 1689 1690 
25 4 4 31 32 72 72 73 73 133 217 217 217 218 271 320 403 539 550 558 702 755 858 858 867 867 903 965 1073 1237 1241 1241 1241 1256 1336 1340 1351 1351 1370 1391 1426 1462 1463 1487 1533 1558 1560 1594 1671 1680 1691 1692 1693 1694 1695 1696 1697 1698 1699 1700 1701 1702 1703 1704 1705 1706 1707 1707 1708 1709 1710 1711 1712 
26 22 31 32 39 56 58 78 84 105 133 136 141 142 162 182 182 210 219 241 247 249 256 260 318 324 345 358 366 403 416 506 506 509 568 572 572 598 626 642 653 674 674 691 751 793 819 847 868 918 923 923 978 980 987 1039 1082 1119 1155 1182 1199 1203 1206 1303 1345 1368 1368 1388 1388 1392 1398 1406 1415 1441 1477 1521 1521 1557 1575 1630 1646 1651 1704 1713 1714 1715 1716 1717 1718 1719 1719 1720 1721 1722 1723 1724 1725 1726 1726 1727 1728 1729 1730 1731 1732 1733 1734 1735 1736 1737 1738 1739 1740 1741 1742 1743 1744 1745 1746 1747 1748 1748 1749 1750 1751 1752 1753 1754 1755 1756 1756 1757 1758 1759 1760 1761 1762 1763 1764 1765 1765 1766 1767 1767 1768 1769 1770 1771 1771 1771 1772 1773 1774 1775 1776 1777 1778 1779 1780 1781 1782 1783 1784 1785 1786 1787 1788 1789 1790 1791 1792 1793 1794 1795 1796 1797 1798 1799 1800 1801 1802 1803 1804 1805 1806 1807 1808 1809 1810 1810 1811 1812 1813 1814 1815 1816 1817 1818 1819 1820 1821 
27 32 32 33 35 35 38 58 58 78 78 81 84 89 114 124 124 162 168 182 182 182 202 204 211 211 223 241 249 249 249 259 296 320 320 325 345 346 366 366 366 366 370 395 417 428 433 500 510 527 553 572 598 598 619 626 653 654 675 699 702 702 704 755 805 818 832 842 864 923 955 987 987 987 990 1001 1088 1200 1200 1352 1368 1388 1388 1415 1415 1515 1515 1529 1672 1680 1692 1713 1720 1722 1733 1738 1743 1747 1748 1750 1755 1759 1763 1763 1764 1765 1766 1766 1766 1768 1771 1771 1771 1771 1771 1771 1775 1776 1777 1778 1779 1779 1785 1789 1790 1793 1794 1809 1815 1822 1823 1824 1825 1826 1827 1828 1829 1830 1831 1832 1833 1834 1835 1836 1837 1838 1839 1840 1841 1842 1843 1844 1845 1846 1847 1848 1849 1850 1851 1852 1853 1854 1855 1856 1857 1858 1859 1860 1861 1862 1863 1863 1864 1865 1866 1867 1868 1869 1870 1871 1872 1873 1874 1875 1876 1877 1878 1879 1880 1881 1882 1883 1884 1885 1886 1887 1888 1889 1890 1891 1892 1893 1893 1894 1895 1896 1897 1898 1899 1900 1901 
28 22 35 58 78 78 133 168 182 204 241 243 249 249 260 324 346 354 366 366 371 372 414 429 447 504 536 538 553 553 558 572 572 594 622 625 637 653 653 654 679 694 699 702 702 704 704 706 706 713 738 818 819 819 832 848 922 923 923 923 925 954 954 965 987 987 1034 1059 1059 1087 1087 1127 1129 1155 1165 1183 1187 1226 1241 1301 1303 1342 1374 1406 1415 1444 1509 1518 1518 1538 1630 1696 1713 1718 1722 1728 1729 1738 1753 1763 1765 1771 1771 1771 1771 1771 1774 1789 1832 1833 1836 1841 1844 1862 1873 1883 1902 1903 1904 1905 1905 1905 1906 1907 1908 1909 1910 1911 1912 1913 1914 1915 1916 1917 1918 1919 1920 1921 1922 1923 1924 1925 1926 1927 1928 1929 1930 1931 1932 1933 1934 1934 1935 1936 1937 1938 1939 1939 1940 1941 1942 1943 1944 1945 1946 1947 1948 1949 1949 1950 1951 1952 1953 1954 1955 1956 1957 1958 1959 1960 1961 1962 1963 1964 1965 1966 1967 1968 1968 1969 1970 1971 1972 1973 1974 1975 1976 1977 1978 1979 1980 
29 4 31 31 31 33 33 58 58 78 133 133 162 179 241 249 260 346 349 370 408 429 527 568 592 621 622 624 625 652 662 699 699 704 753 816 819 819 832 832 868 923 1083 1087 1155 1174 1303 1543 1543 1680 1714 1718 1718 1738 1743 1771 1771 1800 1800 1829 1830 1833 1835 1836 1841 1844 1868 1873 1877 1884 1889 1904 1916 1936 1957 1961 1971 1976 1981 1982 1983 1984 1985 1986 1987 1988 1989 1990 1991 1992 1993 1993 1994 1995 1996 1997 1998 1999 2000 2001 2002 2003 2004 2005 2006 2007 2008 2009 2010 2011 2012 2013 2014 2015 2016 2017 2018 2019 2020 2021 2022 2023 2024 2025 2026 2027 2028 2029 2030 2031 2032 2033 2034 2035 2036 2037 2038 2039 2040 2041 2042 2043 
30 31 32 33 33 58 76 83 144 162 204 210 219 221 230 320 340 345 345 347 366 395 403 429 527 540 540 543 548 553 553 583 594 622 652 652 653 662 694 699 709 709 744 753 782 832 858 923 923 923 923 934 954 1003 1026 1083 1083 1088 1111 1174 1290 1303 1303 1360 1521 1630 1651 1725 1738 1763 1771 1779 1787 1788 1799 1838 1852 1856 1871 1873 1874 1883 1902 1902 1903 1915 1916 1930 1931 1941 1961 1975 1997 1998 2014 2014 2015 2015 2015 2029 2044 2045 2046 2047 2048 2049 2050 2051 2052 2053 2054 2055 2056 2057 2058 2059 2060 2061 2062 2063 2064 2065 2066 2067 2068 2069 2070 2071 2072 2073 2074 2075 2076 2077 2078 2079 2080 2081 2082 2083 2084 2085 2086 2087 2088 2089 2090 2091 2092 2093 2094 2094 2095 2096 2097 2098 2099 2100 2101 2102 2103 2104 2105 2106 2107 2108 2109 2110 2111 2112 2113 2114 2115 2116 2117 2118 2119 2120 2121 2122 2123 2124 2125 2126 2127 2128 2129 2130 2131 2132 2133 2134 2135 2136 2137 2138 2139 2140 2141 2142 2143 2144 2145 2146 2147 2148 2149 2150 
31 4 7 7 31 31 32 33 33 48 78 78 89 114 133 147 162 182 208 211 241 260 296 315 345 381 395 403 439 494 498 543 553 563 619 623 624 699 704 707 895 923 923 978 978 990 1052 1174 1195 1199 1303 1518 1519 1566 1630 1630 1680 1721 1723 1731 1738 1743 1750 1848 1856 1868 1900 1902 1953 1957 1962 1963 1973 1987 1987 1993 2010 2033 2051 2052 2058 2061 2067 2069 2106 2147 2151 2152 2153 2154 2155 2156 2156 2157 2158 2159 2160 2161 2162 2163 2164 2165 2166 2167 2168 2169 2170 2171 2172 2173 2173 2174 2175 2176 2177 2178 2179 2180 2181 2182 2183 2184 2185 2186 2187 2188 2189 2190 2191 2192 2193 2194 2195 2196 2197 2198 2199 2200 2201 2202 2203 2204 2205 2206 2207 2208 2209 2209 2210 2211 2212 2213 2213 2214 2215 2216 2217 2218 2219 2220 2221 2222 2223 2224 2225 2226 2227 2228 2229 2230 2231 2232 2233 2234 2235 2236 2237 2238 2239 2240 2241 2242 2243 2244 2245 2246 2247 2248 2249 2249 2250 2251 2252 2253 2254 2255 2256 2257 2258 2259 2260 
32 32 32 33 33 48 58 63 78 95 133 253 275 301 354 371 395 405 495 597 662 699 699 707 707 738 778 784 793 805 818 867 899 923 1027 1027 1034 1103 1103 1144 1200 1237 1529 1692 1714 1743 1743 1749 1750 1753 1768 1817 1841 1843 1878 1993 2047 2054 2054 2061 2067 2067 2067 2067 2101 2113 2116 2139 2152 2156 2159 2165 2167 2168 2171 2190 2190 2201 2208 2221 2233 2248 2261 2262 2263 2264 2264 2265 2265 2266 2267 2268 2269 2269 2270 2271 2272 2273 2274 2275 2276 2277 2277 2278 2279 2280 2281 2282 2283 2284 2285 2286 2287 2288 2288 2289 2290 2291 2292 2293 2294 2295 2296 2297 2298 2299 2299 2300 2301 2302 2302 2303 2304 2305 2306 2307 2308 2309 2310 2311 2312 2313 2314 2315 2316 2316 2317 2318 2319 2319 2320 2321 2322 2323 2324 2325 2326 2327 2328 2329 2330 2331 2332 2333 2334 2335 2336 2337 2338 2339 2340 2341 2342 2343 2344 2345 2346 2347 2348 2349 2350 2351 2352 2353 2354 2355 2355 2356 2357 2358 2359 2360 2361 2362 2363 2364 2365 2366 2367 2368 2369 
33 33 48 58 78 78 114 118 162 167 182 182 193 202 202 204 221 226 249 249 257 261 274 287 287 345 346 368 408 412 457 504 506 576 592 624 653 697 699 699 771 818 832 847 923 923 1003 1103 1175 1199 1200 1202 1223 1370 1519 1696 1723 1723 1750 1771 1777 1848 1903 1929 1935 2014 2030 2053 2061 2072 2151 2152 2152 2153 2168 2168 2221 2243 2247 2262 2263 2264 2288 2291 2293 2293 2303 2323 2333 2335 2340 2352 2370 2371 2372 2373 2374 2374 2375 2376 2377 2378 2379 2380 2381 2382 2383 2384 2385 2386 2387 2388 2389 2390 2391 2392 2393 2394 2395 2396 2397 2398 2399 2400 2401 2402 2403 2404 2405 2406 2407 2408 2409 2410 2411 2412 2413 2414 2415 2416 2417 2418 2419 2420 2421 2422 2423 2424 2425 2426 2427 2428 2429 2430 2430 2431 2432 2433 2434 2435 2436 2437 2438 2439 2440 2441 2442 2443 2444 2445 2446 2447 2448 2449 2450 2451 2451 2452 2453 2454 2455 2456 2457 2458 2459 2459 2460 2461 2462 2463 2464 2465 2466 2467 2468 2469 2470 2471 2472 2473 2474 
34 31 32 32 33 35 35 44 58 58 67 67 70 78 78 83 96 115 136 136 162 182 182 202 202 202 202 217 230 237 249 320 324 340 345 346 366 397 405 414 504 519 540 572 576 593 597 622 625 669 694 694 699 790 815 815 832 835 920 923 923 954 1042 1098 1102 1110 1129 1199 1200 1218 1477 1501 1509 1515 1529 1557 1625 1692 1722 1723 1742 1844 1868 1877 1904 1904 1972 2152 2165 2168 2171 2173 2198 2243 2267 2293 2293 2294 2308 2317 2323 2323 2387 2389 2390 2400 2400 2422 2423 2423 2440 2442 2447 2459 2461 2475 2475 2476 2477 2478 2479 2480 2481 2481 2482 2483 2484 2485 2486 2487 2488 2488 2489 2490 2491 2492 2493 2494 2495 2496 2497 2498 2499 2500 2501 2502 2503 2504 2505 2506 2507 2508 2509 2510 2511 2512 2513 2514 2515 2516 2517 2518 2519 2520 2521 2522 2523 2524 2525 2526 2527 2527 2528 2529 2530 2531 2532 2532 2533 2534 2535 2536 2537 2538 2539 2540 2541 2542 2543 2544 2545 2546 2547 2548 2549 2550 2551 2552 2553 2554 2555 2556 2557 2558 2559 2560 2561 2562 2563 2564 2565 2566 2567 2568 2569 
35 30 32 33 35 58 60 64 76 78 78 84 89 120 133 202 204 204 241 249 249 301 304 340 366 384 416 428 496 508 624 699 700 700 778 815 832 906 923 923 943 987 997 1001 1200 1203 1226 1303 1360 1424 1432 1441 1749 1802 1868 1914 1933 1936 1962 2171 2188 2243 2327 2342 2352 2360 2427 2490 2494 2494 2502 2504 2530 2532 2533 2546 2546 2547 2548 2558 2560 2570 2571 2572 2573 2574 2575 2576 2577 2578 2579 2580 2581 2582 2583 2584 2585 2586 2587 2588 2588 2589 2590 2591 2592 2593 2594 2595 2596 2597 2598 2599 2600 2601 2602 2603 2604 2605 2606 2607 2608 2609 2610 2611 2612 
36 32 32 32 58 58 63 89 98 133 133 133 162 162 188 204 213 217 304 345 358 366 366 366 366 381 395 395 395 539 553 623 624 624 640 667 667 667 694 694 699 722 782 815 816 858 922 923 979 1012 1026 1040 1063 1079 1079 1088 1091 1149 1222 1453 1461 1526 1565 1662 1692 1692 1731 1750 1796 1829 1889 1931 1997 2000 2014 2014 2038 2111 2164 2188 2427 2445 2501 2505 2546 2578 2580 2591 2594 2613 2614 2615 2616 2617 2618 2619 2620 2621 2622 2622 2623 2624 2625 2626 2627 2628 2629 2630 2631 2632 2633 2633 2634 2635 2636 2637 2638 2639 2640 2641 2642 2643 2644 2645 2646 2646 2647 2648 2649 2650 2651 2652 2653 2654 2655 2656 
37 9 32 32 33 46 58 63 79 84 133 133 162 188 237 247 259 260 273 301 301 304 304 326 340 358 366 424 447 480 504 508 546 580 591 606 617 617 637 640 653 667 667 699 782 793 793 794 895 923 955 1001 1026 1034 1034 1061 1087 1088 1088 1127 1147 1148 1155 1166 1177 1177 1228 1249 1303 1323 1339 1343 1368 1388 1441 1441 1444 1515 1630 1645 1800 1809 1972 2000 2054 2117 2151 2157 2164 2292 2360 2580 2591 2591 2617 2624 2625 2626 2631 2632 2632 2633 2634 2635 2638 2642 2643 2657 2658 2659 2660 2661 2662 2663 2664 2665 2666 2667 2668 2669 2670 2671 2672 2673 2674 2675 2676 2677 2678 2679 2680 2681 2682 2683 2684 2685 2686 2687 2688 2689 2690 2691 2692 2693 2694 2695 2696 2697 2698 2699 2700 2701 2702 2703 2704 2705 
38 4 32 32 33 46 58 63 78 88 179 182 204 204 211 241 249 249 259 301 345 346 346 366 412 415 416 416 438 439 447 447 447 504 527 527 539 540 553 553 558 661 667 667 667 674 699 722 725 725 782 794 797 812 842 842 842 923 954 954 1129 1137 1144 1181 1202 1259 1339 1339 1444 1543 1617 1680 1705 1713 1874 1874 1878 2030 2054 2153 2224 2256 2307 2360 2413 2461 2481 2546 2580 2617 2619 2633 2635 2660 2661 2662 2663 2664 2665 2666 2669 2679 2680 2681 2689 2694 2695 2706 2707 2708 2709 2710 2711 2712 2713 2714 2715 2716 2717 2718 2719 2720 2721 2722 2723 2724 2725 2726 2727 2728 2729 2730 2731 2732 2733 2734 2735 2736 2737 2738 2739 2740 2741 2742 2743 2744 2745 2746 2747 2748 2749 2750 2751 2752 
39 4 4 32 32 55 58 58 70 95 124 133 141 177 186 211 211 217 247 249 249 259 260 301 304 312 312 326 329 338 340 345 366 366 408 447 447 502 509 509 510 522 527 553 558 566 598 612 619 621 622 625 625 625 640 653 653 653 667 667 667 674 699 715 741 753 868 954 955 958 1027 1034 1063 1102 1120 1147 1193 1241 1241 1303 1483 1672 1719 1803 1868 1868 1973 2003 2014 2138 2138 2211 2248 2450 2494 2580 2615 2617 2617 2624 2625 2625 2625 2633 2635 2661 2662 2666 2669 2679 2682 2689 2711 2713 2725 2725 2728 2729 2732 2734 2737 2740 2746 2748 2753 2754 2755 2756 2757 2758 2759 2760 2761 2762 2763 2764 2765 2766 2767 2767 2768 2769 2770 2771 2772 2773 2774 2775 2776 2777 2778 2779 2780 2780 2781 2782 2783 2784 2785 
40 35 44 120 131 202 207 304 304 336 381 434 537 553 566 572 867 1039 1170 1222 1235 1259 1270 1357 1501 1575 1575 1617 1749 1795 1868 1889 2434 2627 2716 2756 2786 2787 2788 2789 2790 2791 2792 2793 2794 2795 2796 2797 2798 2799 2799 2800 2801 2802 2803 2804 2804 2805 2806 2807 2808 2809 2810 2811 2812 2812 2813 2814 2815 2816 2817 2818 2819 2820 2821 2822 2823 2824 2825 2826 2827 2828 2829 2830 2831 2832 2833 
41 8 21 26 28 28 31 32 33 33 33 38 42 46 46 48 49 49 53 55 57 58 58 59 60 61 61 63 65 66 67 68 72 73 73 78 82 84 84 84 85 85 88 92 94 96 96 103 103 111 113 115 122 124 133 138 142 143 148 151 153 154 160 162 165 166 167 167 172 174 178 178 179 180 182 183 186 188 189 189 189 189 196 199 201 202 202 202 202 202 204 205 213 218 218 239 255 256 268 268 271 277 277 278 289 289 290 290 291 299 340 366 368 371 371 376 407 414 415 553 598 623 625 816 816 835 965 965 965 1082 1086 1129 1129 1172 1222 1241 1574 1575 1630 1673 1707 1825 1884 1928 2158 2293 2494 2619 2722 2834 2835 2836 2837 2838 2839 2840 2841 2842 2843 2844 2845 2846 2847 2848 2849 2850 2851 2852 2853 2853 2854 2855 2856 2857 2857 2858 2859 2860 2861 2862 2863 2864 2865 2866 2867 2868 2869 2870 2871 2872 2873 2874 2875 2876 2877 2878 2879 2880 2881 2882 2883 
42 4 5 24 28 32 32 33 44 44 48 49 51 52 55 56 56 56 59 65 70 72 72 73 78 96 97 103 111 111 113 117 123 124 135 136 136 136 141 143 148 152 153 167 178 179 182 185 186 188 190 217 218 226 230 232 235 236 241 244 246 247 249 255 259 260 260 260 261 268 268 268 273 274 276 277 278 279 282 287 289 290 291 291 293 294 295 304 305 308 310 326 340 340 349 368 376 381 384 403 406 407 407 414 417 450 454 510 535 540 553 554 702 710 738 789 889 964 1087 1087 1155 1200 1241 1241 1388 1432 1681 1696 1822 1962 1974 2014 2371 2372 2400 2409 2450 2619 2624 2781 2877 2878 2883 2884 2885 2886 2887 2888 2889 2890 2891 2892 2893 2894 2895 2896 2897 2898 2899 2900 2901 2902 2903 2904 2904 2905 2906 2907 2908 2909 2910 2911 2912 2913 2914 2915 2916 2917 2918 2919 2920 2921 2922 2923 2924 2925 2926 
43 5 24 31 32 32 32 35 46 47 49 56 67 68 68 72 73 73 120 123 124 130 135 141 143 165 167 177 179 189 189 190 213 213 217 220 223 228 232 241 246 255 256 268 271 276 282 284 287 287 290 305 306 306 324 325 326 326 340 347 358 362 368 371 372 376 376 377 381 388 389 390 394 395 397 398 399 403 404 405 407 411 415 415 415 442 447 450 539 550 553 593 691 699 741 816 856 868 954 1097 1097 1102 1191 1195 1214 1214 1259 1351 1368 1390 1417 1477 1545 1545 1680 1841 1868 1868 1962 2223 2248 2293 2360 2475 2475 2506 2508 2510 2514 2625 2673 2678 2779 2877 2888 2915 2927 2928 2929 2930 2931 2932 2933 2934 2935 2936 2937 2938 2939 2940 2941 2942 2943 2944 2945 2946 2947 2948 2949 2950 2951 2952 2953 2954 2955 2955 2956 2957 2958 2959 2960 2961 2962 2963 2964 2965 2966 2967 2968 2969 2970 2971 2972 2973 
44 4 21 24 31 41 46 48 49 72 73 83 103 105 120 120 120 124 124 130 136 136 136 165 179 189 189 193 202 217 218 218 219 222 227 227 227 228 232 243 249 268 271 275 289 320 324 325 327 329 334 349 354 356 363 376 388 395 404 405 407 421 431 431 439 439 442 447 450 454 457 473 489 504 504 504 504 504 510 550 550 553 553 568 593 709 753 883 959 964 964 965 987 1047 1052 1086 1087 1097 1097 1241 1259 1432 1501 1696 1829 1865 2240 2469 2484 2726 2727 2847 2914 2933 2946 2947 2947 2948 2974 2974 2975 2976 2977 2978 2979 2980 2981 2982 2983 2984 2985 2986 2987 2988 2989 2989 2990 2991 2992 2992 2993 2994 2995 2996 2997 2998 2999 3000 3001 3002 3003 3004 3005 3006 3007 
45 4 21 22 105 114 114 120 120 124 124 130 156 162 188 189 202 217 217 217 232 241 249 289 289 325 340 408 414 415 419 423 428 429 429 432 437 439 462 474 474 478 480 485 496 497 497 498 500 502 504 508 509 509 509 527 527 528 530 532 532 533 533 535 539 543 543 547 554 554 559 864 868 912 930 930 954 965 971 1002 1019 1087 1129 1149 1163 1183 1200 1214 1214 1237 1241 1259 1259 1318 1350 1390 1424 1501 1526 1538 1678 1714 1829 1829 1886 1973 2014 2086 2198 2198 2243 2371 2421 2678 2753 2758 2766 2851 2877 2995 2995 3003 3008 3009 3010 3011 3012 3013 3014 3015 3016 3017 3018 3019 3020 3020 3021 3022 3023 3024 3024 3024 3025 3026 3027 3028 3029 3030 3031 3032 3033 3034 3034 3035 3036 3037 3038 3038 3039 3040 3041 3042 3043 3044 3045 3046 3047 3048 3049 3050 3051 3052 3053 3054 3055 3056 3057 3058 3059 3060 3061 3062 3063 3064 3065 3066 3067 3068 3069 3070 3071 3072 3073 3074 3075 3076 3077 3078 3079 3080 3081 
46 
47 21 31 32 33 33 58 58 64 78 204 207 217 217 260 260 318 366 366 408 504 508 508 539 550 553 567 568 568 568 568 568 570 573 574 576 577 580 588 590 590 591 594 597 597 598 599 601 603 604 606 608 608 609 610 612 613 614 623 624 625 626 634 635 638 641 642 643 646 646 649 652 652 653 659 662 663 664 672 678 690 693 699 703 708 712 713 715 717 725 726 727 733 751 763 782 790 792 819 823 841 849 867 868 887 919 934 939 939 939 954 1052 1087 1130 1270 1276 1303 1451 1673 1679 2400 2591 2591 2627 2706 2856 2926 3042 3075 3075 3082 3083 3083 3084 3085 3086 3087 3088 3089 3090 3091 3092 3093 3094 3095 3096 3097 3098 3099 3100 3101 3102 3103 3104 3105 3106 3107 3108 3109 3110 3110 3111 3112 3113 3114 3115 3116 3117 3118 3119 3120 
48 21 31 31 58 67 181 181 217 217 217 217 340 346 346 356 366 366 499 527 527 527 539 553 568 588 588 588 590 590 606 606 612 623 626 630 637 638 638 638 641 650 652 652 653 664 687 691 700 706 711 711 714 715 716 721 723 725 729 738 741 745 753 762 763 764 765 765 767 769 774 780 782 783 785 786 787 787 791 796 802 803 810 810 811 838 849 858 894 895 942 951 954 954 979 1019 1027 1039 1044 1057 1170 1174 1203 1222 1222 1572 1691 1829 1953 1953 1987 1987 2014 2014 2135 2241 2736 2793 2912 2962 3100 3121 3121 3122 3123 3124 3125 3126 3127 3128 3129 3130 3131 3132 3133 3134 3135 3136 3137 3138 3139 3140 3141 3142 3143 3144 3145 3146 3147 3148 3149 3150 3151 3152 3153 3154 3155 3156 3157 3158 3159 3160 3161 3162 3163 3164 
49 4 4 4 4 32 32 33 33 58 58 72 72 83 84 105 157 162 162 162 162 179 179 179 213 217 217 217 217 217 243 318 320 321 336 346 366 368 384 388 416 424 504 539 550 550 550 553 553 553 553 558 570 573 583 588 590 635 638 644 654 664 691 691 697 702 704 711 750 753 753 754 755 755 756 757 759 760 762 763 765 770 774 775 799 807 817 818 819 823 837 838 842 842 844 845 846 846 849 851 854 858 858 858 858 860 865 866 868 874 875 878 880 880 885 885 887 889 889 891 891 892 895 897 922 925 942 951 954 970 1019 1030 1034 1047 1049 1060 1097 1170 1187 1195 1199 1214 1241 1241 1241 1241 1241 1259 1405 1465 1501 1529 1575 1622 1679 1768 1889 2276 2494 2576 2627 2678 2678 2847 2973 3006 3043 3063 3073 3147 3155 3165 3166 3167 3168 3169 3169 3170 3171 3172 3173 3174 3175 3176 3177 3178 3179 3180 3181 3182 3183 3184 3185 3186 3187 3188 3189 3190 3191 3192 3193 3194 3195 3196 3197 3198 3199 3200 3201 3202 3203 3204 3205 3206 3207 3208 3209 3210 3211 3212 
50 31 32 32 58 63 114 219 247 320 345 345 358 366 366 366 395 416 424 502 504 504 509 539 544 550 550 554 558 558 558 569 580 580 583 583 588 590 598 604 612 617 617 624 636 638 664 693 693 710 715 750 770 770 770 780 786 790 813 817 818 818 819 824 825 826 832 834 836 836 839 839 843 846 846 851 853 853 854 856 858 858 859 860 867 868 869 872 874 875 875 878 880 885 885 887 887 889 902 909 915 920 923 924 925 928 931 932 933 939 939 940 941 943 951 951 954 954 1002 1007 1083 1107 1111 1235 1235 1241 1303 1679 1742 1841 1841 1862 1872 2135 2165 2276 2276 2390 2627 2729 2745 2748 3105 3117 3182 3184 3194 3197 3197 3204 3208 3213 3214 3215 3216 3217 3218 3219 3220 3221 3222 3223 3224 3225 3226 3227 3228 3229 3230 3231 3232 3233 3234 3235 3236 3237 3238 3239 3240 3241 
51 22 32 32 32 32 32 33 33 46 58 58 63 72 114 182 217 217 217 218 247 247 260 260 345 358 366 424 439 539 539 553 553 558 558 591 604 608 623 623 693 698 702 731 738 750 770 770 782 786 794 815 817 818 819 824 825 832 834 843 846 856 862 862 862 868 880 895 896 902 909 913 916 919 922 924 926 927 928 929 931 932 933 939 939 941 943 943 944 946 948 948 954 954 954 954 955 957 959 968 970 971 973 974 975 978 983 986 987 1000 1004 1007 1010 1014 1034 1061 1077 1079 1083 1087 1121 1149 1149 1153 1153 1187 1259 1707 1742 1742 1750 1829 1841 1841 1946 2047 2168 2188 2276 2306 2683 3004 3047 3075 3077 3104 3171 3194 3225 3235 3237 3242 3243 3244 3245 3246 3247 3248 3249 3250 3251 3252 3253 3254 3255 3256 3257 3258 3259 3260 3261 3262 3263 3263 3264 3265 3266 3267 3268 3269 3270 3271 3272 3273 3274 
52 4 22 31 32 33 58 72 72 105 124 204 218 218 218 218 218 227 227 247 249 287 326 439 480 489 502 502 502 502 502 502 504 504 539 540 553 553 558 568 572 574 583 585 588 606 606 606 606 684 693 699 709 751 755 765 793 804 829 836 846 846 849 851 868 881 898 911 915 916 916 939 943 949 954 954 955 956 957 958 961 962 965 969 972 974 974 978 978 987 989 996 1000 1001 1002 1003 1005 1016 1017 1021 1023 1029 1030 1030 1034 1034 1034 1035 1043 1050 1052 1055 1055 1058 1060 1060 1063 1064 1068 1071 1083 1106 1109 1111 1114 1127 1127 1152 1170 1174 1183 1204 1235 1259 1471 1506 1545 1660 1679 1696 1841 1841 1869 1874 1874 1974 2014 2014 2151 2152 2168 2188 2243 2307 2532 2532 2678 2736 2758 2764 3065 3152 3171 3192 3255 3275 3276 3277 3278 3279 3280 3281 3282 3283 3284 3285 3286 3287 3288 3289 3290 3291 3291 3292 3293 3294 3295 3296 3297 3298 3299 3300 3301 3302 3303 3304 3305 3306 3307 3308 3309 
53 32 33 48 69 105 120 120 188 188 189 189 204 204 204 217 217 218 247 247 249 249 260 271 320 320 320 349 370 405 408 408 416 438 500 500 502 502 502 502 502 509 543 544 546 552 553 553 566 588 588 607 617 652 654 654 662 693 699 812 819 842 842 847 851 858 868 868 868 916 955 959 964 965 983 1001 1003 1009 1019 1021 1022 1023 1024 1030 1033 1034 1041 1047 1057 1060 1061 1063 1064 1064 1076 1083 1085 1097 1097 1099 1107 1109 1109 1111 1114 1120 1120 1120 1121 1129 1129 1129 1129 1129 1129 1129 1132 1138 1145 1153 1155 1174 1182 1187 1199 1200 1214 1228 1258 1259 1270 1276 1386 1451 1506 1528 1553 1622 1696 1718 1809 2048 2138 2138 2248 2326 2532 2619 2758 2758 3034 3047 3071 3079 3085 3096 3096 3264 3275 3277 3278 3310 3311 3312 3313 3314 3315 3316 3317 3318 3319 3320 3321 3322 3323 3324 3325 3326 3327 3328 3329 3330 3331 3332 3333 3334 3335 3336 3337 3338 3338 3339 3340 3341 3342 3343 3344 3345 3346 3347 3348 
54 32 48 78 105 114 120 120 120 120 182 204 204 211 241 249 303 303 304 324 324 346 349 366 366 366 366 405 502 502 502 502 502 522 544 544 546 585 588 588 588 597 617 644 653 699 725 782 836 836 868 875 959 961 980 1001 1001 1027 1034 1052 1059 1083 1087 1087 1093 1099 1102 1102 1103 1109 1109 1110 1111 1114 1119 1120 1120 1127 1129 1130 1131 1133 1138 1140 1141 1141 1144 1153 1165 1169 1189 1192 1214 1241 1258 1258 1270 1392 1505 1509 1526 1526 1575 1678 1684 1684 1915 2014 2138 2269 2678 2761 2761 2874 2997 3003 3049 3054 3075 3138 3138 3316 3319 3325 3330 3349 3350 3351 3352 3353 3354 3355 3356 3357 3358 3359 3360 3361 3362 3363 3364 3365 3366 3367 3368 3369 3370 3371 
55 4 4 4 30 31 31 32 32 32 32 33 202 228 247 249 276 320 320 338 345 346 366 366 366 366 366 366 366 366 366 381 439 442 462 509 546 568 588 588 653 653 653 653 653 674 674 751 782 842 842 842 847 847 847 989 1025 1027 1030 1030 1034 1041 1060 1097 1097 1097 1098 1114 1140 1148 1150 1151 1155 1168 1169 1169 1170 1170 1177 1183 1183 1187 1189 1192 1193 1196 1200 1205 1206 1210 1213 1226 1227 1229 1233 1234 1234 1241 1256 1258 1258 1258 1270 1270 1303 1392 1415 1451 1501 1550 1662 1673 1679 1680 1742 1794 1822 2014 2014 2461 2493 2713 2764 3079 3098 3121 3147 3152 3194 3254 3316 3360 3361 3365 3372 3372 3373 3374 3375 3376 3377 3378 3379 3380 3381 3382 3383 3383 3384 3385 3386 3387 3388 3389 3390 3391 3392 3393 3394 3395 3396 3397 3398 3399 3400 3401 3402 
56 4 4 4 32 114 120 217 218 218 358 366 366 370 370 381 426 506 506 540 543 553 558 558 568 588 588 638 810 810 867 939 964 1019 1060 1087 1087 1098 1153 1177 1214 1218 1219 1234 1241 1241 1242 1258 1258 1270 1276 1286 1371 1424 1451 1501 1678 1679 1679 1679 1745 2242 2706 2791 2941 3194 3284 3360 3392 3403 3404 3405 3406 3407 3408 3409 3410 3411 3412 3413 3414 
57 4 4 4 24 24 24 25 31 31 45 46 68 72 72 72 72 72 72 73 73 133 182 189 189 189 189 202 217 217 217 217 218 218 218 218 218 218 218 218 218 271 345 345 345 345 346 346 346 366 366 370 370 370 370 370 407 434 489 527 539 539 539 539 550 550 550 550 550 550 553 553 553 553 558 558 568 568 588 607 618 653 716 782 816 867 867 867 954 954 954 954 1041 1087 1087 1087 1087 1177 1187 1218 1223 1223 1235 1236 1236 1236 1238 1241 1241 1241 1241 1241 1241 1241 1241 1241 1241 1241 1241 1241 1241 1241 1241 1246 1253 1254 1258 1258 1259 1265 1265 1266 1266 1270 1273 1278 1286 1290 1303 1451 1526 1550 1588 1679 1679 1679 1680 1692 1822 2014 2047 2242 2369 2501 2823 2941 3075 3075 3075 3079 3079 3079 3372 3372 3372 3415 3416 3417 3418 3419 3420 3421 3422 3423 3424 3425 3426 3427 3428 3429 3430 3431 3432 3433 3433 3434 3435 3436 3437 3438 3439 3440 3441 3442 3443 3444 3445 3446 3447 3448 3449 
58 4 4 4 4 4 4 4 4 4 4 4 21 24 24 24 24 24 24 31 31 31 32 32 33 46 46 72 72 72 84 133 133 189 189 189 189 189 202 202 202 213 217 217 217 217 217 218 218 234 271 312 370 370 370 370 370 370 434 527 527 527 539 539 550 553 553 568 568 607 755 755 782 858 908 919 954 954 954 954 954 1087 1087 1087 1087 1087 1087 1087 1087 1087 1087 1149 1223 1238 1238 1241 1241 1241 1241 1241 1241 1241 1241 1241 1241 1241 1242 1258 1258 1258 1258 1259 1259 1281 1283 1286 1287 1290 1424 1673 1679 1679 1679 1692 1704 2014 2591 2753 2941 2957 2957 2957 2957 3079 3194 3194 3194 3194 3194 3194 3416 3429 3438 3450 3451 3452 3453 3454 3455 3456 3457 3458 3459 3460 3461 3462 3463 3464 
59 4 4 24 31 32 33 46 46 72 120 120 133 179 189 189 189 189 189 189 202 217 218 218 218 268 370 370 539 550 550 553 553 558 558 558 558 558 568 568 568 755 755 782 782 843 858 954 954 955 965 965 965 1039 1087 1087 1087 1214 1235 1241 1241 1241 1241 1241 1241 1241 1241 1241 1241 1241 1241 1241 1283 1286 1538 1538 1675 1679 1679 1679 1679 2014 2238 2761 2941 2957 3075 3079 3194 3465 3466 3467 3468 3469 3470 3471 3472 3473 3474 3475 3476 3477 3478 3479 3480 3481 3482 3483 3484 3485 3485 3486 
60 4 4 4 24 24 31 31 32 33 56 72 105 136 189 189 207 209 209 209 217 217 217 217 217 218 247 260 271 301 306 312 317 320 354 408 548 550 553 553 558 568 568 568 568 568 568 568 613 619 619 623 635 637 652 653 684 706 738 784 847 853 858 894 939 954 965 985 1087 1151 1187 1193 1223 1226 1237 1334 1338 1339 1342 1343 1355 1375 1375 1378 1411 1422 1428 1441 1460 1468 1471 1515 1617 1673 1809 1829 1841 1905 2326 2494 2510 2532 2706 2707 2729 2745 3075 3194 3264 3487 3488 3489 3490 3491 3492 3493 3494 3495 3496 3497 3498 3499 3500 3501 3502 3503 3504 3505 3506 3507 3508 3509 3510 3511 3512 3513 3514 3515 3516 3517 3518 3519 3520 3521 3522 3523 3524 3525 3526 3527 3528 3528 3529 3530 3531 3532 3533 3534 3535 3536 3537 3538 3539 3540 3541 3542 3543 3544 3545 3546 3547 3547 3548 3549 3550 3551 3552 3553 3554 3555 3556 3557 3558 3559 3560 3561 3562 3563 3564 3565 3566 3567 3568 3569 3570 3571 3572 3573 3574 3575 3576 
61 4 4 33 33 45 48 58 73 83 105 120 120 120 133 133 202 204 204 217 218 285 289 312 320 320 320 324 327 340 370 432 438 485 502 504 508 509 509 527 540 544 550 558 563 699 739 770 845 867 867 867 922 965 1022 1030 1047 1082 1083 1086 1097 1098 1109 1177 1206 1214 1241 1270 1271 1303 1305 1307 1310 1312 1315 1337 1339 1339 1340 1342 1345 1353 1365 1367 1367 1369 1370 1378 1379 1379 1379 1381 1381 1382 1383 1388 1388 1392 1392 1415 1424 1443 1450 1451 1451 1457 1458 1459 1460 1467 1475 1515 1515 1523 1526 1544 1560 1621 1623 1679 1681 1696 1705 1779 1796 1805 1972 2014 2018 2138 2240 2341 2400 2706 2736 2753 2753 2765 2877 2903 2957 2957 2957 3079 3171 3252 3293 3311 3325 3455 3577 3578 3579 3580 3581 3582 3583 3584 3585 3586 3587 3588 3589 3590 3591 3592 3593 3594 3595 3596 3597 3598 3599 3600 3601 3601 3602 3603 3604 3605 3606 3607 3608 3609 3610 3611 3612 3613 3614 3615 3616 3617 3618 3619 3620 3621 3622 3623 3624 3625 3626 
62 4 21 21 24 45 53 72 72 73 120 133 133 146 156 179 204 204 217 312 320 320 338 340 349 366 407 429 502 502 502 502 502 553 553 558 637 699 699 725 739 784 784 816 845 852 867 867 884 949 965 979 1087 1097 1097 1097 1098 1098 1109 1182 1187 1218 1246 1256 1310 1315 1339 1340 1342 1342 1342 1345 1350 1351 1351 1351 1365 1371 1379 1381 1388 1395 1407 1450 1450 1451 1451 1451 1463 1467 1482 1483 1486 1487 1489 1490 1493 1494 1497 1498 1500 1501 1502 1504 1504 1505 1507 1508 1508 1511 1513 1514 1515 1518 1519 1520 1522 1523 1523 1525 1526 1526 1527 1529 1530 1531 1532 1538 1538 1540 1541 1543 1552 1553 1553 1557 1560 1561 1562 1563 1629 1630 1678 1679 1680 1690 1796 1839 1962 1965 2134 2161 2400 2483 2867 2925 3047 3194 3248 3360 3583 3627 3628 3629 3630 3631 3632 3633 3634 3635 3635 3636 3637 3638 3639 3640 3641 3642 3643 3644 3645 3646 3647 3648 3649 3650 3651 3652 3653 3654 3655 3656 3657 3658 3659 3660 3661 3662 3663 3664 3665 
63 4 4 21 22 72 73 120 120 133 133 133 136 165 232 320 320 327 340 439 508 527 537 539 539 550 696 702 702 782 784 784 835 841 847 867 1072 1098 1098 1098 1098 1102 1170 1177 1181 1214 1214 1219 1241 1241 1246 1256 1256 1271 1310 1339 1342 1342 1395 1451 1451 1467 1501 1512 1515 1515 1515 1517 1526 1544 1550 1560 1568 1572 1575 1576 1580 1581 1589 1591 1593 1598 1605 1609 1616 1617 1618 1619 1621 1623 1630 1704 1711 1712 1723 1780 1868 2014 2135 2619 2812 2847 2979 3047 3047 3075 3075 3139 3251 3426 3537 3587 3591 3612 3612 3651 3666 3667 3668 3669 3670 3671 3672 3673 3674 3675 3676 3677 3678 3679 3680 3681 3682 3683 3684 3685 3686 3687 3688 3689 3690 3691 3692 3693 3694 3695 
64 4 4 4 4 19 32 33 35 48 118 120 133 133 217 217 227 289 340 368 441 443 550 558 782 813 842 842 842 852 867 867 867 901 954 1241 1310 1336 1340 1350 1351 1351 1370 1370 1371 1501 1513 1538 1587 1589 1594 1597 1615 1615 1621 1632 1636 1637 1637 1638 1640 1642 1646 1646 1647 1650 1651 1652 1656 1661 1662 1663 1663 1671 1672 1681 1684 1689 1694 1702 1707 2014 2753 2812 3121 3499 3687 3694 3696 3697 3698 3699 3700 3701 3702 3703 3704 3705 3706 3707 3708 3709 3710 3711 3712 3713 3714 
65 4 4 4 4 4 4 4 22 31 31 32 32 72 73 84 162 217 318 321 346 370 370 508 550 558 755 784 842 954 965 1087 1226 1241 1276 1336 1351 1557 1594 1623 1671 1680 1689 1697 1702 1703 2014 2014 2014 2117 2135 2792 2941 2941 3056 3152 3177 3326 3703 3715 3716 3717 3718 3719 3720 3721 3722 3723 3724 3725 3726 3727 
66 32 39 58 204 275 318 318 320 371 407 408 408 414 417 432 473 626 649 653 653 653 653 655 667 668 668 674 674 793 797 939 1030 1113 1115 1203 1210 1319 1352 1388 1529 1557 1566 1714 1716 1720 1722 1725 1726 1729 1738 1742 1742 1745 1745 1747 1748 1748 1750 1751 1755 1756 1758 1759 1763 1764 1766 1766 1766 1768 1771 1771 1777 1779 1779 1781 1784 1785 1785 1791 1794 1796 1798 1799 1800 1802 1803 1807 1808 1809 1810 1811 1812 1813 1815 1820 1821 1836 1841 1842 1864 1868 1870 1871 1875 1889 1895 1901 1902 1929 1936 1961 1980 2014 2017 2018 2060 2106 2186 2202 2237 2301 2360 2360 2389 2450 2491 2494 2494 2521 2546 2591 2617 2745 2745 2748 2748 2781 3038 3075 3293 3311 3378 3728 3729 3730 3731 3732 3733 3734 3735 3736 3737 3738 3739 3740 3741 3742 3743 3744 3745 3746 3747 3748 3749 3750 3751 3752 3753 3754 3755 3756 3757 3758 3759 3760 3761 3762 3763 3764 3765 3766 3767 3768 3769 3770 3770 3770 3771 3772 3773 3774 3775 3776 3777 3778 3779 3780 3781 3782 3783 
67 14 32 32 32 48 58 84 133 133 168 183 211 259 260 366 395 395 408 433 439 547 558 563 566 572 572 580 583 591 598 622 625 642 653 654 662 662 684 694 699 704 731 755 797 816 818 818 819 832 832 858 910 922 923 925 954 987 1034 1200 1352 1415 1477 1501 1521 1543 1543 1630 1692 1726 1738 1747 1748 1750 1763 1763 1765 1766 1771 1771 1771 1771 1776 1777 1785 1809 1819 1822 1824 1826 1832 1837 1840 1841 1841 1843 1844 1845 1852 1862 1863 1868 1871 1879 1882 1882 1885 1886 1888 1889 1891 1892 1896 1897 1899 1901 1903 1908 1909 1936 1953 1961 1963 1968 1972 1973 2000 2000 2030 2053 2099 2107 2138 2151 2242 2243 2361 2372 2400 2442 2470 2494 2501 2506 2563 2729 2741 2939 3047 3075 3079 3181 3219 3311 3369 3707 3707 3758 3784 3785 3786 3787 3788 3789 3790 3791 3792 3793 3794 3795 3796 3797 3798 3799 3800 3800 3801 3802 3803 3804 3805 3806 3807 3808 3809 3810 3811 3812 3813 3814 3814 3815 3816 3817 3818 3819 3820 3821 3822 3823 3824 
68 33 58 72 78 98 133 133 168 193 204 217 217 217 241 241 249 354 366 366 366 366 414 439 447 463 494 537 592 607 619 625 632 635 637 653 654 668 675 675 679 699 794 819 842 923 925 958 1048 1079 1174 1374 1386 1388 1521 1543 1575 1753 1761 1771 1771 1829 1832 1856 1856 1862 1868 1868 1874 1874 1877 1899 1914 1916 1928 1928 1928 1929 1930 1931 1933 1933 1933 1937 1941 1943 1945 1946 1953 1953 1958 1959 1962 1963 1965 1965 1965 1968 1969 1971 1973 1980 2005 2014 2014 2016 2018 2028 2039 2042 2106 2111 2136 2147 2151 2151 2185 2237 2292 2360 2400 2440 2459 2470 2494 2578 2587 2653 2741 2881 2918 3075 3079 3079 3096 3464 3748 3789 3795 3800 3800 3801 3825 3826 3827 3828 3829 3830 3831 3832 3833 3834 3835 3836 3837 3838 3839 3840 3841 3842 3843 3844 3845 3846 3847 3848 3849 3850 3851 3852 3853 3854 3854 3855 3856 3857 3858 3859 3860 3861 3862 3863 3864 3865 3866 3867 3867 3867 3868 3869 3870 3871 3872 3873 3874 3875 3876 3877 3878 3879 3880 
69 32 33 33 33 58 63 188 228 239 247 249 260 296 325 340 345 366 371 395 432 540 550 568 624 652 662 684 694 699 736 782 816 863 868 922 923 923 923 1027 1034 1061 1165 1170 1199 1241 1301 1303 1395 1680 1717 1721 1768 1810 1824 1833 1836 1856 1874 1884 1903 1916 1930 1957 2014 2030 2040 2048 2051 2052 2053 2058 2060 2061 2065 2084 2091 2094 2102 2103 2117 2117 2122 2128 2137 2141 2147 2152 2218 2243 2288 2361 2440 2481 2494 2546 2546 2572 2600 2614 2625 2655 2748 2751 2764 2874 2957 2957 3075 3075 3075 3312 3764 3784 3833 3835 3844 3854 3881 3882 3883 3884 3885 3886 3887 3888 3889 3890 3891 3892 3893 3894 3894 3895 3896 3897 3898 3899 3900 3901 3902 3903 3904 3904 3905 3906 3907 3908 3909 3910 3911 3912 3913 3913 3914 3915 3916 3917 3918 3919 3920 3921 3922 3923 3924 3925 3926 3927 3928 
70 32 32 38 48 58 58 78 112 204 210 211 226 226 231 236 287 366 366 371 550 644 653 694 699 744 782 784 845 923 955 1009 1024 1027 1034 1036 1042 1052 1083 1220 1226 1303 1380 1441 1518 1538 1543 1630 1630 1738 1753 1777 1788 1836 1841 1856 1871 1916 1936 1936 1957 2000 2014 2015 2027 2033 2033 2046 2047 2052 2058 2061 2063 2067 2074 2083 2083 2099 2106 2113 2116 2122 2125 2132 2138 2145 2147 2152 2153 2156 2157 2161 2162 2165 2168 2170 2183 2186 2187 2188 2191 2193 2204 2205 2206 2207 2209 2224 2228 2230 2253 2258 2301 2302 2440 2440 2442 2459 2482 2494 2613 2624 2625 2668 2736 2851 2979 3004 3006 3059 3150 3281 3464 3464 3667 3801 3854 3862 3863 3880 3890 3891 3922 3929 3930 3931 3932 3933 3934 3935 3936 3937 3938 3939 3940 3941 3942 3943 3944 3945 3946 3947 3948 3949 3950 3951 3952 3953 3954 3955 3956 3957 3958 3959 3960 3961 3962 3963 3964 3965 3966 3967 3968 3969 3970 3971 3972 3973 3974 3975 3976 3977 3978 3979 3980 3981 3982 3983 3984 3985 3986 3987 3988 3989 3990 3991 3992 3993 3994 3995 3996 3997 3998 3999 4000 4001 4002 4003 4004 4005 
71 33 63 105 143 162 217 260 321 371 372 390 408 429 432 540 572 613 621 642 694 699 707 784 789 793 842 842 895 918 923 923 923 1027 1034 1072 1157 1160 1199 1303 1357 1432 1543 1731 1743 1746 1750 1836 1836 1852 1870 1872 1875 1987 1995 2010 2061 2067 2125 2141 2147 2147 2151 2152 2156 2158 2186 2203 2207 2208 2224 2233 2258 2261 2263 2266 2268 2269 2272 2276 2280 2293 2301 2306 2323 2329 2336 2344 2352 2361 2440 2442 2459 2459 2494 2542 2576 2591 2726 2728 2979 2979 3047 3205 3205 3292 3321 3507 3587 3743 3790 3863 3870 3979 4006 4007 4008 4009 4010 4011 4012 4013 4014 4014 4015 4016 4017 4018 4019 4020 4021 4022 4023 4024 4025 4026 4027 4028 4029 4030 4031 4032 4033 4034 4035 4035 4036 4037 4038 4039 4040 4041 4042 4043 4044 4045 4046 4047 4048 4049 4050 4051 4052 4053 4054 4055 4056 4057 4058 4059 4060 4061 4062 4063 4064 4065 4066 4067 4068 4069 4070 4071 4072 4073 4074 4075 4076 4077 4078 4079 4080 4080 4081 4082 4083 4084 4085 4086 4087 4088 4089 
72 4 5 24 31 33 48 58 88 98 162 217 231 268 366 372 429 486 527 566 592 694 738 923 985 1019 1019 1200 1352 1432 1630 1675 1690 1692 1726 1753 1870 1871 1878 1946 1954 2082 2158 2202 2221 2234 2263 2276 2288 2293 2301 2303 2333 2371 2372 2373 2386 2390 2400 2413 2417 2423 2426 2433 2437 2440 2442 2443 2447 2450 2455 2458 2460 2462 2465 2470 2471 2494 2494 2494 2527 2558 2560 2568 2625 2741 2799 2851 2898 2914 2984 3063 3100 3150 3201 3309 3311 3318 3348 3348 3356 3356 3612 3784 3801 3844 3906 3913 3918 3979 4011 4052 4090 4091 4092 4093 4094 4095 4096 4097 4098 4099 4100 4101 4102 4103 4104 4105 4106 4107 4108 4109 4110 4111 4112 4113 4114 4115 4116 4117 4118 4119 4120 4121 4122 4123 4124 4125 4126 4127 4128 4129 4130 4131 4132 4132 4133 4134 4135 4136 4137 4138 4139 4140 4141 4142 4143 4144 4145 4146 4147 4148 4149 4150 4151 4152 4153 4154 4155 4156 4157 4158 4159 4160 4161 4162 4163 4164 4165 4166 4167 4168 4169 4170 4171 4172 4173 4174 4175 4176 4177 4178 4179 4180 4181 4182 4183 4184 4185 4186 
73 32 33 33 33 35 35 44 58 58 78 104 217 237 257 320 351 397 405 408 416 502 508 528 583 625 686 738 753 918 920 987 987 1009 1019 1052 1144 1175 1175 1199 1223 1377 1483 1515 1615 1622 1722 1726 1742 1877 1896 1915 1915 1946 1974 2061 2171 2221 2301 2323 2325 2327 2340 2385 2386 2387 2420 2423 2442 2445 2459 2494 2521 2528 2528 2537 2544 2558 2560 2561 2561 2563 2591 2594 2666 2805 2928 2972 3004 3042 3147 3177 3251 3311 3588 3641 3741 3742 3784 3785 3851 3898 3908 4109 4172 4179 4187 4188 4189 4190 4190 4191 4192 4193 4194 4195 4196 4196 4197 4198 4199 4200 4200 4201 4202 4203 4204 4205 4206 4207 4208 4209 4210 4211 4212 4213 4214 4215 4216 4217 4218 4219 4220 4221 4222 4223 4224 4225 4226 4227 4228 4229 4229 4230 4231 4232 4233 4234 4235 4236 4237 4238 4239 4240 4241 4242 4243 4244 4245 4246 4246 4247 4248 4249 4250 4251 4252 4253 4254 4255 4256 4257 4258 4258 4259 4260 4261 4262 4263 4264 4265 4266 4267 4268 4269 4270 4271 4272 4273 4274 4275 
74 32 32 32 58 58 124 193 202 204 204 213 217 260 340 366 366 395 415 485 527 553 589 591 625 625 642 668 684 694 699 812 818 923 1003 1034 1034 1042 1199 1200 1200 1203 1471 1526 1675 1868 1884 1904 1914 1931 1950 2062 2111 2165 2165 2168 2243 2292 2292 2356 2360 2387 2389 2400 2423 2427 2440 2445 2491 2491 2494 2527 2532 2533 2542 2542 2546 2547 2555 2558 2558 2560 2563 2567 2583 2585 2591 2592 2593 2598 2600 2603 2609 2610 2617 2636 2638 2639 2666 2691 2736 2741 2755 2851 2874 3228 3264 3348 3356 3503 3725 3725 3835 3912 4036 4048 4115 4149 4210 4232 4276 4277 4278 4279 4280 4281 4282 4283 4284 4285 4286 4287 4288 4289 4290 4291 4291 4292 4293 4294 4295 4296 4297 4298 4299 4300 4301 4302 4303 4304 4305 4306 4307 4308 4309 4310 4311 4312 4313 4314 4315 4316 4317 4318 4319 4319 4320 4320 4321 4322 4323 4324 4325 4326 4327 4328 4329 4330 4331 4332 4333 4334 
75 7 32 32 33 72 76 98 210 217 228 301 301 304 320 346 366 366 395 432 508 566 572 572 617 624 640 699 770 815 860 906 916 923 923 1061 1063 1219 1222 1229 1253 1263 1270 1303 1421 1692 1742 1822 1841 1868 1868 1870 1874 1941 2015 2117 2138 2138 2165 2214 2237 2241 2243 2292 2459 2475 2494 2494 2505 2546 2547 2560 2589 2598 2604 2617 2622 2625 2626 2627 2631 2638 2645 2652 2655 2680 2686 2696 2730 2801 3075 3417 3425 3503 3707 3750 3826 4291 4320 4321 4335 4335 4336 4337 4338 4339 4340 4340 4341 4342 4343 4344 4345 4346 4347 4348 4349 4350 4351 4352 4353 4354 4355 4356 4357 4358 4359 4360 4361 4362 4363 4364 
76 32 33 33 33 60 63 68 89 133 156 188 237 260 301 304 368 395 432 617 617 619 624 640 652 667 694 699 713 772 815 860 923 1026 1069 1079 1222 1398 1444 1505 1681 1787 1800 1822 1953 2000 2014 2151 2164 2188 2243 2243 2292 2400 2494 2494 2580 2591 2592 2617 2623 2626 2628 2632 2638 2645 2654 2664 2669 2696 2701 2735 2746 2801 2851 2997 3075 3079 3588 3676 3682 4036 4048 4189 4343 4344 4365 4366 4367 4368 4369 4370 4371 4372 4373 4374 4375 4376 4377 4378 4379 4380 4381 4382 
77 8 32 32 32 33 33 33 58 58 105 120 124 133 133 156 162 228 287 301 304 349 366 366 395 414 442 447 447 527 553 568 625 640 640 653 653 667 667 699 702 738 797 835 847 954 963 1034 1069 1083 1121 1214 1271 1339 1543 1679 1720 1742 1829 1844 2111 2153 2188 2241 2248 2248 2413 2413 2427 2494 2497 2560 2576 2580 2613 2633 2635 2661 2662 2663 2669 2676 2680 2684 2687 2689 2695 2713 2721 2723 2726 2730 2732 2736 2740 2741 2743 2744 2745 2746 2747 2748 2748 2749 2751 2753 2775 2855 2874 2947 2957 3082 3205 3284 3294 3952 4115 4115 4383 4384 4385 4386 4387 4388 4389 4390 4391 4392 4393 4394 4395 4396 4397 4398 4399 4400 4401 4402 4403 4404 4405 4406 4407 4408 4409 
78 32 46 58 60 60 78 124 133 144 162 182 182 186 210 211 211 211 287 304 312 324 345 358 366 381 414 415 416 447 447 487 504 527 565 621 622 623 625 652 653 667 699 725 739 782 858 898 965 974 1027 1034 1052 1058 1061 1087 1169 1196 1241 1451 1477 1633 1719 1787 2138 2224 2243 2269 2360 2413 2580 2616 2624 2625 2635 2635 2665 2679 2682 2713 2725 2729 2729 2732 2734 2736 2740 2741 2743 2748 2753 2757 2760 2766 2767 2768 2770 2775 2776 2777 2780 2780 2780 2781 2782 2783 2784 2785 2925 2957 3007 3053 3075 3075 3082 3127 3152 3299 3464 3510 3510 3536 3536 3746 4115 4182 4387 4402 4410 4411 4412 4413 4414 4415 4416 4417 4417 4418 4418 4419 4420 4421 4422 4423 4424 4425 4426 4427 4428 4429 4430 4431 4432 4433 4434 4435 4436 4437 
79 4 4 31 32 33 46 48 55 58 58 59 114 120 133 144 162 182 182 217 228 235 247 249 249 287 304 345 366 366 370 381 395 408 424 426 439 442 502 504 558 568 625 637 653 653 667 668 755 755 784 810 858 858 901 954 954 954 964 974 989 1027 1049 1063 1087 1087 1120 1214 1241 1241 1303 1406 1451 1462 1501 1501 1501 1678 1678 1718 1809 1880 1888 1889 1901 1972 2014 2070 2293 2360 2372 2494 2501 2578 2591 2615 2615 2617 2617 2617 2633 2661 2665 2678 2679 2691 2711 2713 2734 2757 2758 2759 2759 2760 2762 2767 2768 2770 2771 2775 2780 2784 2941 3018 3063 3071 3075 3075 3079 3313 3426 3464 3676 3731 3835 4287 4383 4396 4402 4420 4423 4428 4434 4434 4438 4439 4440 4441 4442 4443 4444 4445 4446 4447 4448 4449 4450 4451 4452 4453 4454 4455 4456 4457 4458 4459 4460 4461 4462 4463 4464 4465 4466 4467 4468 4469 4470 4471 4472 4473 4474 4475 
80 32 33 58 72 79 179 202 207 217 304 304 338 366 381 395 498 553 553 553 576 591 623 674 694 782 810 845 857 918 1087 1120 1120 1157 1229 1241 1241 1339 1511 1660 1704 1829 2117 2269 2533 2617 2661 2665 2665 2711 2759 2767 2768 2780 2784 2816 2847 2941 3005 3251 3464 4290 4387 4390 4390 4395 4418 4422 4427 4427 4457 4462 4462 4463 4464 4466 4470 4476 4477 4478 4479 4480 4481 4482 4483 4484 4485 4486 4487 4488 4489 4490 4491 4492 4493 4494 4495 4496 4496 4497 4498 4499 4500 4501 4502 4503 4504 4505 4506 4507 4508 4509 4510 4511 4512 4513 4514 4515 4516 4517 4518 4519 4520 4521 
81 3 4 4 5 7 9 11 12 19 23 29 32 33 35 35 36 39 43 45 48 48 49 51 52 55 56 57 58 58 59 60 61 63 64 65 67 68 70 72 72 72 72 72 73 73 76 77 80 82 83 84 84 84 84 85 85 88 92 94 96 97 98 98 99 101 103 133 141 141 153 156 157 157 157 165 167 169 178 179 183 186 188 189 189 198 199 204 205 217 217 217 218 218 227 239 249 256 277 278 289 290 301 354 358 366 368 370 370 371 371 376 395 407 415 424 430 536 553 614 623 625 636 784 965 1030 1195 1241 1465 1526 1575 1617 1673 1673 1679 1953 2030 2223 2480 2812 2836 2841 2853 2853 2856 2879 2918 2957 3006 3146 3205 3326 3676 3676 3676 3707 4391 4489 4522 4523 4524 4525 4526 4527 4528 4529 4530 4531 4532 4533 4534 4535 4536 4537 4538 4539 4540 4541 4542 4543 4544 4545 4546 4547 4547 4548 4549 4550 4551 4552 4553 4554 4555 4556 4557 4558 4559 4560 4561 4561 4562 
82 5 7 12 21 24 29 32 44 49 49 52 52 55 56 58 58 58 60 65 68 73 73 97 99 103 113 115 126 126 131 136 136 136 136 141 142 143 147 147 148 150 151 154 158 165 165 167 179 179 182 182 186 188 189 192 197 199 231 232 235 240 249 255 260 268 268 268 270 271 274 275 276 278 280 287 289 289 290 291 295 301 304 305 307 320 320 320 320 370 372 403 404 407 415 454 502 784 786 842 959 964 964 964 965 965 1030 1088 1200 1219 1223 1352 1390 1501 1868 2113 2159 2409 2447 2480 2483 2552 2624 2624 2690 2845 2846 2848 2869 2878 2903 2907 2914 2917 2918 2924 2948 2957 2957 2957 2968 2973 2990 3030 3045 3047 3194 3197 3667 3835 3890 3921 4115 4429 4489 4524 4529 4529 4535 4538 4541 4544 4563 4564 4565 4566 4567 4568 4569 4570 4571 4572 4573 4574 4575 4576 4577 4578 4579 4580 4581 4582 4583 4584 4585 4586 4587 4588 4589 4590 4591 4592 4593 4594 4595 4596 4597 4598 4599 4600 4601 
83 5 19 23 28 31 32 32 42 48 49 52 73 73 96 97 103 105 135 141 142 143 162 167 179 207 218 227 232 235 244 246 250 255 257 261 262 268 273 274 275 276 277 280 282 283 284 289 290 292 295 297 304 331 340 354 358 371 371 376 388 390 395 395 398 403 404 407 407 414 417 450 553 699 702 816 816 829 868 955 1102 1102 1241 1323 1388 1528 1874 1874 2243 2430 2619 2756 2758 2848 2848 2856 2893 2898 2901 2903 2911 2914 2915 2917 2918 2941 2946 2962 2965 2997 3002 3030 3045 3282 3284 3356 3968 4280 4345 4529 4546 4582 4582 4602 4603 4604 4605 4606 4607 4608 4609 4610 4611 4612 4612 4613 4614 4615 4616 4617 4618 4619 4620 4621 4622 4623 4624 4625 4626 
84 4 4 4 21 22 22 24 71 73 103 103 124 124 130 136 143 162 165 178 202 217 218 232 243 246 247 249 255 271 271 276 276 286 289 290 296 311 315 320 328 328 335 337 338 340 340 342 354 358 381 381 389 390 395 399 399 403 404 407 409 414 417 434 439 442 451 453 454 457 504 553 568 607 653 842 959 1097 1155 1219 1223 1241 1342 1351 1395 1406 1675 1681 1742 1792 2215 2341 2469 2806 2848 2903 2903 2914 2931 2934 2965 2991 2991 3045 3047 3186 3194 3290 3890 3928 4411 4569 4601 4605 4615 4627 4628 4629 4630 4631 4632 4633 4634 4635 4636 4637 4638 4639 4640 4641 4642 4643 4644 4645 4646 4647 4648 
